-0.000211356	5.25E-05	9.33E-05	0.00012224	0.000124645	-0.018745869	-0.037553019	-0.056358556	-0.075164093	-0.093968015																			
-0.0008902	0.000221182	0.000393078	0.000512025	0.000521724	-0.018345423	-0.037085845	-0.055823038	-0.07456023	-0.093294195																			
-0.002114968	0.000525491	0.000933889	0.001209366	0.001231363	-0.017632417	-0.036306109	-0.054974958	-0.073643807	-0.092307813																			
-0.003982683	0.000989549	0.001758599	0.002263128	0.002302552	-0.016557862	-0.035164824	-0.053765329	-0.072365834	-0.090959883																			
-0.006614803	0.001643533	0.002920842	0.003733721	0.003795824	-0.015061223	-0.033601456	-0.052133617	-0.070665779	-0.089189869																			
-0.010165438	0.002525734	0.004488666	0.005696839	0.005787004	-0.013066676	-0.031540179	-0.050003997	-0.068467815	-0.086921947																			
-0.014833107	0.003685476	0.006549729	0.008248805	0.008372549	-0.010477765	-0.028884538	-0.047280012	-0.065675486	-0.084059661																			
-0.02087798	0.005187402	0.009218912	0.011514353	0.011677331	-0.007169616	-0.02550966	-0.04383679	-0.06216392	-0.080478137																			
-0.02864782	0.007117919	0.012649774	0.015658298	0.015866309	-0.002977271	-0.021250585	-0.039509372	-0.057768158	-0.076012417																			
-0.038618242	0.009595198	0.017052329	0.020903571	0.021162561	0.002322348	-0.015884237	-0.03407468	-0.052265122	-0.070439423																			
																												
-0.000211356	5.25E-05	9.33E-05	0.00012224	0.000124645	0.000124645	0.00012453	0.000124409	0.000124288	0.000124162																			
-0.0008902	0.000221182	0.000393078	0.000512025	0.000521724	0.000521722	0.000521261	0.000520777	0.000520293	0.000519787																			
-0.002114968	0.000525491	0.000933889	0.001209366	0.001231363	0.001231361	0.001230321	0.00122923	0.001228139	0.001226997																			
-0.003982683	0.000989549	0.001758599	0.002263128	0.002302552	0.002302547	0.002300696	0.002298753	0.00229681	0.002294776																			
-0.006614803	0.001643533	0.002920842	0.003733721	0.003795824	0.003795816	0.003792918	0.003789877	0.003786836	0.003783653																			
-0.010165438	0.002525734	0.004488666	0.005696839	0.005787004	0.005786994	0.005782813	0.005778426	0.005774039	0.005769446																			
-0.014833107	0.003685476	0.006549729	0.008248805	0.008372549	0.008372534	0.008366834	0.008360852	0.008354871	0.008348608																			
-0.02087798	0.005187402	0.009218912	0.011514353	0.011677331	0.011677312	0.011669853	0.011662027	0.0116542	0.011646005																			
-0.02864782	0.007117919	0.012649774	0.015658298	0.015866309	0.015866286	0.015856829	0.015846906	0.015836982	0.015826592																			
-0.038618242	0.009595198	0.017052329	0.020903571	0.021162561	0.021162532	0.021150837	0.021138564	0.021126291	0.02111344																			
											0	0																
-0.000211356	5.25E-05	9.33E-05	2.89E-05	2.41E-06	-2.93E-10	-1.15E-07	-1.21E-07	-1.26E-07	-2.29E-08		10	0.09																
-0.0008902	0.000221182	0.000393078	0.000118947	9.70E-06	-1.17E-09	-4.61E-07	-4.84E-07	-5.07E-07	-9.17E-08		20	0.39																
-0.002114968	0.000525491	0.000933889	0.000275477	2.20E-05	-2.63E-09	-1.04E-06	-1.09E-06	-1.14E-06	-2.07E-07		30	0.93																
-0.003982683	0.000989549	0.001758599	0.000504529	3.94E-05	-4.68E-09	-1.85E-06	-1.94E-06	-2.03E-06	-3.69E-07		40	1.76																
-0.006614803	0.001643533	0.002920842	0.000812878	6.21E-05	-7.32E-09	-2.90E-06	-3.04E-06	-3.18E-06	-5.78E-07		50	2.92																
-0.010165438	0.002525734	0.004488666	0.001208173	9.02E-05	-1.05E-08	-4.18E-06	-4.39E-06	-4.59E-06	-8.34E-07		60	4.49																
-0.014833107	0.003685476	0.006549729	0.001699076	0.000123744	-1.43E-08	-5.70E-06	-5.98E-06	-6.26E-06	-1.14E-06		70	6.55																
-0.02087798	0.005187402	0.009218912	0.002295441	0.000162978	-1.87E-08	-7.46E-06	-7.83E-06	-8.19E-06	-1.49E-06		80	9.22																
-0.02864782	0.007117919	0.012649774	0.003008524	0.000208011	-2.37E-08	-9.46E-06	-9.92E-06	-1.04E-05	-1.89E-06		90	12.65																
-0.038618242	0.009595198	0.017052329	0.003851242	0.000258991	-2.93E-08	-1.17E-05	-1.23E-05	-1.29E-05	-2.34E-06		100	17.05																
		0	2.4	4.8	7.2	9.6	12																					
		220.0646495	-102.3595126	-35.50772122	-2.634927321	-0.11793223	-1.80463E-17																					
		111.7754121	53.24424389	-20.77595527	-7.372872706	-0.548943192	0.000198184																					
																										0	0	0
5.53E-05	6.36E-05	6.59E-05	6.13E-05	5.13E-05	3.91E-05	2.75E-05	1.78E-05	1.06E-05	5.75E-06	2.78E-06	1.14E-06	3.62E-07	6.19E-08	-2.03E-11	-3.12E-08	-8.14E-08	-1.20E-07	-1.41E-07	-1.47E-07	-1.44E-07	-1.37E-07	-1.29E-07	-1.21E-07	-1.13E-07		10	0.07	0.185
0.000230871	0.00026564	0.000275059	0.000255773	0.000212947	0.000161642	0.000112884	7.27E-05	4.31E-05	2.33E-05	1.12E-05	4.60E-06	1.45E-06	2.48E-07	-8.11E-11	-1.25E-07	-3.26E-07	-4.82E-07	-5.65E-07	-5.88E-07	-5.75E-07	-5.48E-07	-5.17E-07	-4.86E-07	-4.53E-07		20	0.28	0.604
0.000543335	0.000625162	0.000647329	0.000600915	0.0004983	0.000376246	0.000261232	0.000167344	9.87E-05	5.30E-05	2.54E-05	1.04E-05	3.28E-06	5.58E-07	-1.82E-10	-2.81E-07	-7.34E-07	-1.09E-06	-1.27E-06	-1.32E-06	-1.30E-06	-1.23E-06	-1.17E-06	-1.10E-06	-1.02E-06		30	0.65	1.259
0.001012464	0.001164942	0.00120625	0.001117673	0.000922787	0.000692788	0.000478046	0.000304391	0.000178471	9.55E-05	4.56E-05	1.86E-05	5.84E-06	9.94E-07	-3.24E-10	-5.00E-07	-1.31E-06	-1.93E-06	-2.27E-06	-2.36E-06	-2.31E-06	-2.20E-06	-2.08E-06	-1.95E-06	-1.82E-06		40	1.21	2.129
0.001662047	0.001912353	0.001980164	0.001830996	0.001504558	0.001122605	0.000769537	0.00048689	0.000283844	0.00015107	7.19E-05	2.93E-05	9.15E-06	1.56E-06	-5.07E-10	-7.83E-07	-2.05E-06	-3.03E-06	-3.55E-06	-3.69E-06	-3.62E-06	-3.44E-06	-3.25E-06	-3.05E-06	-2.84E-06		50	1.98	3.201
0.002520946	0.002900605	0.003003458	0.002770919	0.002265067	0.001678777	0.001142692	0.000718151	0.000416171	0.000220381	0.000104442	4.24E-05	1.32E-05	2.24E-06	-7.30E-10	-1.13E-06	-2.95E-06	-4.37E-06	-5.12E-06	-5.33E-06	-5.22E-06	-4.97E-06	-4.69E-06	-4.41E-06	-4.10E-06		60	3	4.468
0.003624526	0.004170385	0.004318264	0.003973922	0.003229855	0.00237648	0.001605399	0.001001817	0.000576952	0.00030393	0.00014343	5.80E-05	1.81E-05	3.06E-06	-9.93E-10	-1.54E-06	-4.02E-06	-5.95E-06	-6.98E-06	-7.27E-06	-7.12E-06	-6.77E-06	-6.39E-06	-6.01E-06	-5.59E-06		70	4.32	5.925
0.005016591	0.005772098	0.005976772	0.00548476	0.004429571	0.00323342	0.002166593	0.0013419	0.000767796	0.000402291	0.000189032	7.62E-05	2.37E-05	4.00E-06	-1.30E-09	-2.01E-06	-5.26E-06	-7.79E-06	-9.14E-06	-9.51E-06	-9.31E-06	-8.86E-06	-8.36E-06	-7.86E-06	-7.31E-06		80	5.98	7.565
0.006752068	0.00776894	0.008044422	0.00735895	0.005901321	0.004270387	0.002836439	0.001742836	0.000990441	0.000516067	0.000241426	9.69E-05	3.00E-05	5.06E-06	-1.64E-09	-2.54E-06	-6.67E-06	-9.88E-06	-1.16E-05	-1.21E-05	-1.18E-05	-1.12E-05	-1.06E-05	-9.97E-06	-9.27E-06		90	8.04	9.387
0.008900771	0.010241241	0.010604389	0.009666213	0.007690455	0.005511954	0.003626552	0.002209535	0.001246758	0.000645894	0.000300801	0.000120361	3.72E-05	6.26E-06	-2.03E-09	-3.14E-06	-8.24E-06	-1.22E-05	-1.43E-05	-1.49E-05	-1.46E-05	-1.39E-05	-1.31E-05	-1.23E-05	-1.15E-05		100	10.6	11.387
-1.2	-0.6	0	0.6	1.2	1.8	2.4	3	3.6	4.2	4.8	5.4	6	6.6	7.2	7.8	8.4	9	9.6	10.2	10.8	11.4	12	12.6	13.2				
		221.8006683	176.8478727	34.55598521	-49.95647055	-79.83262126	-77.42171479	-61.68528765	-43.59420001	-28.06383763	-16.58045745	-8.900667858	-4.206170207	-0.532472002	0.334412925	-0.194304233	-0.317022696	-0.255663465	-0.153398079	-0.068176924	-0.017044231	2.88741E-16						
		-8.559044655	156.0372359	189.0036193	95.32383872	22.88770353	-15.122778	-28.18959565	-28.01787502	-22.51145213	-15.96930814	-10.31190604	-6.973496547	-3.783819277	-0.281806474	0.542863018	0.051132693	-0.136353848	-0.156238784	-0.113628207	-0.056814103	-0.014203526						
																												
																												
																												
																												
																												
																												
																												
																												
																												
																												
6.054201662113779e-05, 6.398467159078892e-05, 6.49818509584344e-05, 6.296240525347148e-05, 5.790922566450536e-05, 5.091539061191238e-05, 4.2988689713630944e-05, 3.495312061674211e-05, 2.7409621163454967e-05, 2.0738942244832048e-05, 1.5130657367310433e-05, 1.062501469572677e-05, 7.157716938356705e-06, 4.601070820577752e-06, 2.797856199058671e-06, 1.5866599921851903e-06, 8.186474572933873e-07, 3.665254640985468e-07, 1.2783298630429188e-07, 2.446904745257533e-08, -9.621579885587849e-12, -1.5997224532231124e-08, -4.797082882099212e-08, -8.16631134009748e-08, -1.098704535007097e-07, -1.2995017294645337e-07, -1.4192870627487934e-07, -1.4716664272362004e-07, -1.4748669827338988e-07, -1.4465709212284295e-07, -1.4012659562960285e-07, -1.3492154411565926e-07, -1.2963420664162152e-07, -1.2434686916758377e-07, -1.1897724573345185e-07
0.0002527329448074657, 0.00026710432483401434, 0.0002712670549865857, 0.00026265379805791864, 0.00024114197623466556, 0.00021146803571375392, 0.00017798317270073763, 0.00014420965414512271, 0.00011267566998632532, 8.494398634289655e-05, 6.175518801116208e-05, 4.322179337253454e-05, 2.9028124886414243e-05, 1.860818164274495e-05, 1.1287758812562605e-05, 6.387649668028263e-06, 3.2897471720693153e-06, 1.4706322713148085e-06, 5.122633169867752e-07, 9.79540682930283e-08, -3.848692604572777e-11, -6.403005663862689e-08, -1.9209719281419714e-07, -3.2712774451830593e-07, -4.402237963229672e-07, -5.20755318852563e-07, -5.688045772349461e-07, -5.898172634281973e-07, -5.911012451052408e-07, -5.797497255395986e-07, -5.615754257236974e-07, -5.406961571484624e-07, -5.194879708835671e-07, -4.982797846186718e-07, -4.76742680664116e-07
0.0005945887895595747, 0.0006283994249747393, 0.0006381928165112724, 0.0006174596433806649, 0.0005657861216483874, 0.0004947678366063337, 0.0004150116756074293, 0.00033500788540556566, 0.00026074332146920615, 0.00019581715792199074, 0.00014183773408476963, 9.892904484690896e-05, 6.623226252644428e-05, 4.2337459209255695e-05, 2.5617972790228015e-05, 1.4465683786418978e-05, 7.4363523465760385e-06, 3.319179236947804e-06, 1.1546956976950105e-06, 2.2057215931739412e-07, -8.659694823491243e-11, -1.4416035329210114e-07, -4.3270098223948805e-07, -7.371099463015046e-07, -9.921786486189592e-07, -1.1738552822190492e-06, -1.2822716723969484e-06, -1.3296880426313707e-06, -1.3325855044770857e-06, -1.306969733949992e-06, -1.2659592479699968e-06, -1.2188473315254825e-06, -1.17099587464266e-06, -1.1231444177598374e-06, -1.074553420438707e-06
0.0011075699705743786, 0.0011705507147952935, 0.0011887933499851967, 0.0011492163916915384, 0.001050806242012925, 0.0009161016230080346, 0.0007656147473447592, 0.0006155578114172738, 0.0004771378516689303, 0.0003568829124208033, 0.00025750923236199375, 0.00017896554747411886, 0.00011942662031749781, 7.611935699813051e-05, 4.594195747179337e-05, 2.5885119289115214e-05, 1.328194700403818e-05, 5.919110481443234e-06, 2.0565451059688784e-06, 3.924407906037408e-07, -1.5395255620843292e-10, -2.5645013081940505e-07, -7.701055257083099e-07, -1.3123299513932086e-06, -1.7668612104534734e-06, -2.090700523783147e-06, -2.283986723287624e-06, -2.3685287892856064e-06, -2.3736950283804127e-06, -2.328022116888839e-06, -2.2549031710984574e-06, -2.170910006908809e-06, -2.0856030643206165e-06, -2.000296121732424e-06, -1.913675400745687e-06
0.0018174457976770312, 0.0019207928474887137, 0.0019507277514183054, 0.0018840610404096967, 0.0017187167054748388, 0.00149340457814669, 0.0012431415134961346, 0.0009952098648511743, 0.0007680522696613106, 0.0005720297672001156, 0.000411085503485154, 0.0002846373127969504, 0.00018930570680986104, 0.0001202994761256208, 7.24185960756632e-05, 4.071200940580726e-05, 2.085045609944534e-05, 9.277456760697896e-06, 3.2192368853028044e-06, 6.136778070008596e-07, -2.405546597216047e-10, -4.0096156541479253e-07, -1.204635598226193e-06, -2.053512202670043e-06, -2.76540532611593e-06, -3.272752218543178e-06, -3.5756192557697007e-06, -3.708103074763274e-06, -3.7161991915351916e-06, -3.6446251680449788e-06, -3.53004477334289e-06, -3.398430677912972e-06, -3.264765348230409e-06, -3.1311000185478463e-06, -2.995383454612639e-06
0.0027554330639231674, 0.002912117724601355, 0.002957502089933398, 0.0028535446655613725, 0.0025964530035046535, 0.002247859717407587, 0.001863118411678849, 0.0014846600578523861, 0.0011404513299682313, 0.0008455585552931361, 0.0006050877475912332, 0.00041734553230802086, 0.0002766048411618719, 0.0001752394433475438, 0.0001052124374626154, 5.9014159912060096e-05, 3.0166255917431797e-05, 1.3401336821801611e-05, 4.644206840243293e-06, 8.844014296237714e-07, -3.464041685302914e-10, -5.777569936552977e-07, -1.7366174292904292e-06, -2.961385384052437e-06, -3.988952549086925e-06, -4.721482354870171e-06, -5.158851713786291e-06, -5.350188368424147e-06, -5.361881327700974e-06, -5.2585106050829135e-06, -5.093034222267266e-06, -4.902967503038938e-06, -4.709949295102675e-06, -4.516931087166412e-06, -4.320961390522214e-06
0.003959715821675837, 0.004184880692499434, 0.0042501006362588864, 0.004096110838541517, 0.0037165129912468974, 0.0032046679253618935, 0.0026437119758744004, 0.0020962010604369126, 0.0016021956125154646, 0.0011822385629623334, 0.0008422658282535344, 0.0005785954090535285, 0.00038210319546671834, 0.00024131785084669768, 0.00014449395094747266, 8.086118764135949e-05, 4.125418476502399e-05, 1.8297958782858003e-05, 6.332901332534323e-06, 1.20473025735718e-06, -4.71501992387015e-10, -7.868989130182339e-07, -2.366378711040711e-06, -4.036682451583963e-06, -5.438652207668857e-06, -6.438373834719422e-06, -7.035379584541034e-06, -7.2965761747856365e-06, -7.31253886760183e-06, -7.171423700986353e-06, -6.945534395974229e-06, -6.686090414842569e-06, -6.42263233368501e-06, -6.159174252527452e-06, -5.891702071343995e-06
0.005477504022898761, 0.005788976244970939, 0.005879195472916554, 0.005659086480703622, 0.0051184708829249345, 0.004394047982662373, 0.003606314898155149, 0.0028440316782600444, 0.002162190337201036, 0.0015873730958832664, 0.0011256247975620867, 0.0007700059911962927, 0.0005066271133555699, 0.0003189312629391713, 0.0001904397949877284, 0.00010632458135712143, 5.413955397013034e-05, 2.3974621541023928e-05, 8.28677737832033e-06, 1.5747832683649533e-06, -6.158490410487488e-10, -1.028449982400791e-06, -3.094248606466228e-06, -5.280140664785196e-06, -7.115661471285792e-06, -8.424920574957588e-06, -9.206911525134811e-06, -9.549072172317648e-06, -9.569983478485165e-06, -9.385123416941967e-06, -9.089221005713402e-06, -8.749381231348751e-06, -8.40430285344488e-06, -8.05922447554101e-06, -7.708907494097919e-06
0.0073678679317909, 0.007786833611607008, 0.00790818876783009, 0.007601405080866186, 0.006851014221810369, 0.005852550921751993, 0.004776295459801629, 0.003744641216109252, 0.002830564863230059, 0.002066876374684872, 0.0014584552012100562, 0.0009933211427153939, 0.0006510537345973379, 0.000408495295325593, 0.00024323310063895315, 0.00013547776509651571, 6.884815919568356e-05, 3.043871620551282e-05, 1.050730274642566e-05, 1.994679821607933e-06, -7.794462242686139e-10, -1.302473022641371e-06, -3.920557757666127e-06, -6.692501618282784e-06, -9.02114541746161e-06, -1.0682627609815736e-05, -1.1675169490977567e-05, -1.21094963542316e-05, -1.2136041205690173e-05, -1.1901382537113197e-05, -1.1525782720194698e-05, -1.1094433768979453e-05, -1.0656460306395391e-05, -1.0218486843811329e-05, -9.77388886985845e-06
0.009705712229410838, 0.010257616845500535, 0.010417478318963475, 0.009997397116271237, 0.008974727457186596, 0.007624810350233728, 0.006183966051117643, 0.004817290756033663, 0.003618890517466167, 0.002627364111472448, 0.0018443678073295827, 0.0012504218076632575, 0.0008163149591264526, 0.0005104457730603892, 0.00030306377073247503, 0.0001683961641039733, 8.540629208007195e-05, 3.769772755855582e-05, 1.299595605818e-05, 2.464539658368449e-06, -9.622944518067884e-10, -1.6090310170433062e-06, -4.845638294167872e-06, -8.27451127371676e-06, -1.1156277099737083e-05, -1.3213011194979926e-05, -1.4441888864577643e-05, -1.4979683169646164e-05, -1.5012552614593023e-05, -1.4721987803789994e-05, -1.4256921290278665e-05, -1.3722853955848387e-05, -1.3180615310540427e-05, -1.2638376665232467e-05, -1.2087966709046825e-05																										
																												
																												
																												
																												
																												
																												
																												
																												
																												
																												
																												
																												
																												
